0.174187 -11.922463 46.808733 -1.299664 0.006395 -0.004860
0.209946 -11.922683 46.808671 -1.299664 0.006395 -0.004860
0.245706 -11.922903 46.808610 -1.299664 0.006395 -0.004860
0.281465 -11.923124 46.808549 -1.299664 0.006395 -0.004860
0.317224 -11.923344 46.808488 -1.299664 0.006395 -0.004860
0.352983 -11.923564 46.808426 -1.299664 0.006395 -0.004860
0.388742 -11.923784 46.808365 -1.299664 0.006395 -0.004860
0.424502 -11.924005 46.808304 -1.299664 0.006395 -0.004860
0.460261 -11.924225 46.808243 -1.299664 0.006395 -0.004860
0.496020 -11.924445 46.808181 -1.299664 0.006395 -0.004860
0.531779 -11.924666 46.808120 -1.299664 0.006395 -0.004860
0.567538 -11.924886 46.808059 -1.299664 0.006395 -0.004860
0.603298 -11.925106 46.807998 -1.299664 0.006395 -0.004860
0.639057 -11.925327 46.807936 -1.299664 0.006395 -0.004860
0.173967 -11.919896 46.799505 -1.299664 0.006395 -0.004860
0.209726 -11.920116 46.799444 -1.299664 0.006395 -0.004860
0.245485 -11.920337 46.799383 -1.299664 0.006395 -0.004860
0.281245 -11.920557 46.799322 -1.299664 0.006395 -0.004860
0.317004 -11.920777 46.799260 -1.299664 0.006395 -0.004860
0.352763 -11.920998 46.799199 -1.299664 0.006395 -0.004860
0.388522 -11.921218 46.799138 -1.299664 0.006395 -0.004860
0.424281 -11.921438 46.799077 -1.299664 0.006395 -0.004860
0.460041 -11.921659 46.799015 -1.299664 0.006395 -0.004860
0.495800 -11.921879 46.798954 -1.299664 0.006395 -0.004860
0.531559 -11.922099 46.798893 -1.299664 0.006395 -0.004860
0.567318 -11.922320 46.798832 -1.299664 0.006395 -0.004860
0.603077 -11.922540 46.798770 -1.299664 0.006395 -0.004860
0.638837 -11.922760 46.798709 -1.299664 0.006395 -0.004860
0.173747 -11.917330 46.790278 -1.299664 0.006395 -0.004860
0.209506 -11.917550 46.790217 -1.299664 0.006395 -0.004860
0.245265 -11.917770 46.790156 -1.299664 0.006395 -0.004860
0.281024 -11.917991 46.790094 -1.299664 0.006395 -0.004860
0.316783 -11.918211 46.790033 -1.299664 0.006395 -0.004860
0.352543 -11.918431 46.789972 -1.299664 0.006395 -0.004860
0.388302 -11.918652 46.789911 -1.299664 0.006395 -0.004860
0.424061 -11.918872 46.789849 -1.299664 0.006395 -0.004860
0.459820 -11.919092 46.789788 -1.299664 0.006395 -0.004860
0.495579 -11.919313 46.789727 -1.299664 0.006395 -0.004860
0.531339 -11.919533 46.789666 -1.299664 0.006395 -0.004860
0.567098 -11.919753 46.789604 -1.299664 0.006395 -0.004860
0.602857 -11.919974 46.789543 -1.299664 0.006395 -0.004860
0.638616 -11.920194 46.789482 -1.299664 0.006395 -0.004860
0.173526 -11.914763 46.781051 -1.299664 0.006395 -0.004860
0.209286 -11.914984 46.780990 -1.299664 0.006395 -0.004860
0.245045 -11.915204 46.780928 -1.299664 0.006395 -0.004860
0.280804 -11.915424 46.780867 -1.299664 0.006395 -0.004860
0.316563 -11.915645 46.780806 -1.299664 0.006395 -0.004860
0.352322 -11.915865 46.780745 -1.299664 0.006395 -0.004860
0.388082 -11.916085 46.780683 -1.299664 0.006395 -0.004860
0.423841 -11.916306 46.780622 -1.299664 0.006395 -0.004860
0.459600 -11.916526 46.780561 -1.299664 0.006395 -0.004860
0.495359 -11.916746 46.780500 -1.299664 0.006395 -0.004860
0.531118 -11.916966 46.780438 -1.299664 0.006395 -0.004860
0.566878 -11.917187 46.780377 -1.299664 0.006395 -0.004860
0.602637 -11.917407 46.780316 -1.299664 0.006395 -0.004860
0.638396 -11.917627 46.780255 -1.299664 0.006395 -0.004860
0.173306 -11.912197 46.771824 -1.299664 0.006395 -0.004860
0.209065 -11.912417 46.771762 -1.299664 0.006395 -0.004860
0.244824 -11.912637 46.771701 -1.299664 0.006395 -0.004860
0.280584 -11.912858 46.771640 -1.299664 0.006395 -0.004860
0.316343 -11.913078 46.771579 -1.299664 0.006395 -0.004860
0.352102 -11.913298 46.771517 -1.299664 0.006395 -0.004860
0.387861 -11.913519 46.771456 -1.299664 0.006395 -0.004860
0.423620 -11.913739 46.771395 -1.299664 0.006395 -0.004860
0.459380 -11.913959 46.771334 -1.299664 0.006395 -0.004860
0.495139 -11.914180 46.771272 -1.299664 0.006395 -0.004860
0.530898 -11.914400 46.771211 -1.299664 0.006395 -0.004860
0.566657 -11.914620 46.771150 -1.299664 0.006395 -0.004860
0.602416 -11.914841 46.771089 -1.299664 0.006395 -0.004860
0.638176 -11.915061 46.771027 -1.299664 0.006395 -0.004860
0.173086 -11.909630 46.762596 -1.299664 0.006395 -0.004860
0.208845 -11.909851 46.762535 -1.299664 0.006395 -0.004860
0.244604 -11.910071 46.762474 -1.299664 0.006395 -0.004860
0.280363 -11.910291 46.762413 -1.299664 0.006395 -0.004860
0.316122 -11.910512 46.762351 -1.299664 0.006395 -0.004860
0.351882 -11.910732 46.762290 -1.299664 0.006395 -0.004860
0.387641 -11.910952 46.762229 -1.299664 0.006395 -0.004860
0.423400 -11.911173 46.762168 -1.299664 0.006395 -0.004860
0.459159 -11.911393 46.762106 -1.299664 0.006395 -0.004860
0.494918 -11.911613 46.762045 -1.299664 0.006395 -0.004860
0.530678 -11.911834 46.761984 -1.299664 0.006395 -0.004860
0.566437 -11.912054 46.761923 -1.299664 0.006395 -0.004860
0.602196 -11.912274 46.761861 -1.299664 0.006395 -0.004860
0.637955 -11.912495 46.761800 -1.299664 0.006395 -0.004860
0.172865 -11.907064 46.753369 -1.299664 0.006395 -0.004860
0.208625 -11.907284 46.753308 -1.299664 0.006395 -0.004860
0.244384 -11.907505 46.753247 -1.299664 0.006395 -0.004860
0.280143 -11.907725 46.753185 -1.299664 0.006395 -0.004860
0.315902 -11.907945 46.753124 -1.299664 0.006395 -0.004860
0.351661 -11.908166 46.753063 -1.299664 0.006395 -0.004860
0.387421 -11.908386 46.753002 -1.299664 0.006395 -0.004860
0.423180 -11.908606 46.752940 -1.299664 0.006395 -0.004860
0.458939 -11.908827 46.752879 -1.299664 0.006395 -0.004860
0.494698 -11.909047 46.752818 -1.299664 0.006395 -0.004860
0.530457 -11.909267 46.752757 -1.299664 0.006395 -0.004860
0.566217 -11.909487 46.752695 -1.299664 0.006395 -0.004860
0.601976 -11.909708 46.752634 -1.299664 0.006395 -0.004860
0.637735 -11.909928 46.752573 -1.299664 0.006395 -0.004860
0.172645 -11.904498 46.744142 -1.299664 0.006395 -0.004860
0.208404 -11.904718 46.744080 -1.299664 0.006395 -0.004860
0.244163 -11.904938 46.744019 -1.299664 0.006395 -0.004860
0.279923 -11.905158 46.743958 -1.299664 0.006395 -0.004860
0.315682 -11.905379 46.743897 -1.299664 0.006395 -0.004860
0.351441 -11.905599 46.743836 -1.299664 0.006395 -0.004860
0.387200 -11.905819 46.743774 -1.299664 0.006395 -0.004860
0.422959 -11.906040 46.743713 -1.299664 0.006395 -0.004860
0.458719 -11.906260 46.743652 -1.299664 0.006395 -0.004860
0.494478 -11.906480 46.743591 -1.299664 0.006395 -0.004860
0.530237 -11.906701 46.743529 -1.299664 0.006395 -0.004860
0.565996 -11.906921 46.743468 -1.299664 0.006395 -0.004860
0.601755 -11.907141 46.743407 -1.299664 0.006395 -0.004860
0.637515 -11.907362 46.743346 -1.299664 0.006395 -0.004860
0.172425 -11.901931 46.734914 -1.299664 0.006395 -0.004860
0.208184 -11.902151 46.734853 -1.299664 0.006395 -0.004860
0.243943 -11.902372 46.734792 -1.299664 0.006395 -0.004860
0.279702 -11.902592 46.734731 -1.299664 0.006395 -0.004860
0.315462 -11.902812 46.734670 -1.299664 0.006395 -0.004860
0.351221 -11.903033 46.734608 -1.299664 0.006395 -0.004860
0.386980 -11.903253 46.734547 -1.299664 0.006395 -0.004860
0.422739 -11.903473 46.734486 -1.299664 0.006395 -0.004860
0.458498 -11.903694 46.734425 -1.299664 0.006395 -0.004860
0.494258 -11.903914 46.734363 -1.299664 0.006395 -0.004860
0.530017 -11.904134 46.734302 -1.299664 0.006395 -0.004860
0.565776 -11.904355 46.734241 -1.299664 0.006395 -0.004860
0.601535 -11.904575 46.734180 -1.299664 0.006395 -0.004860
0.637294 -11.904795 46.734118 -1.299664 0.006395 -0.004860
0.172204 -11.899365 46.725687 -1.299664 0.006395 -0.004860
0.207964 -11.899585 46.725626 -1.299664 0.006395 -0.004860
0.243723 -11.899805 46.725565 -1.299664 0.006395 -0.004860
0.279482 -11.900026 46.725503 -1.299664 0.006395 -0.004860
0.315241 -11.900246 46.725442 -1.299664 0.006395 -0.004860
0.351000 -11.900466 46.725381 -1.299664 0.006395 -0.004860
0.386760 -11.900687 46.725320 -1.299664 0.006395 -0.004860
0.422519 -11.900907 46.725259 -1.299664 0.006395 -0.004860
0.458278 -11.901127 46.725197 -1.299664 0.006395 -0.004860
0.494037 -11.901348 46.725136 -1.299664 0.006395 -0.004860
0.529796 -11.901568 46.725075 -1.299664 0.006395 -0.004860
0.565556 -11.901788 46.725014 -1.299664 0.006395 -0.004860
0.601315 -11.902008 46.724952 -1.299664 0.006395 -0.004860
0.637074 -11.902229 46.724891 -1.299664 0.006395 -0.004860
0.171984 -11.896798 46.716460 -1.299664 0.006395 -0.004860
0.207743 -11.897019 46.716399 -1.299664 0.006395 -0.004860
0.243502 -11.897239 46.716337 -1.299664 0.006395 -0.004860
0.279262 -11.897459 46.716276 -1.299664 0.006395 -0.004860
0.315021 -11.897679 46.716215 -1.299664 0.006395 -0.004860
0.350780 -11.897900 46.716154 -1.299664 0.006395 -0.004860
0.386539 -11.898120 46.716092 -1.299664 0.006395 -0.004860
0.422299 -11.898340 46.716031 -1.299664 0.006395 -0.004860
0.458058 -11.898561 46.715970 -1.299664 0.006395 -0.004860
0.493817 -11.898781 46.715909 -1.299664 0.006395 -0.004860
0.529576 -11.899001 46.715848 -1.299664 0.006395 -0.004860
0.565335 -11.899222 46.715786 -1.299664 0.006395 -0.004860
0.601095 -11.899442 46.715725 -1.299664 0.006395 -0.004860
0.636854 -11.899662 46.715664 -1.299664 0.006395 -0.004860
0.171764 -11.894232 46.707233 -1.299664 0.006395 -0.004860
0.207523 -11.894452 46.707171 -1.299664 0.006395 -0.004860
0.243282 -11.894672 46.707110 -1.299664 0.006395 -0.004860
0.279041 -11.894893 46.707049 -1.299664 0.006395 -0.004860
0.314801 -11.895113 46.706988 -1.299664 0.006395 -0.004860
0.350560 -11.895333 46.706926 -1.299664 0.006395 -0.004860
0.386319 -11.895554 46.706865 -1.299664 0.006395 -0.004860
0.422078 -11.895774 46.706804 -1.299664 0.006395 -0.004860
0.457837 -11.895994 46.706743 -1.299664 0.006395 -0.004860
0.493597 -11.896215 46.706682 -1.299664 0.006395 -0.004860
0.529356 -11.896435 46.706620 -1.299664 0.006395 -0.004860
0.565115 -11.896655 46.706559 -1.299664 0.006395 -0.004860
0.600874 -11.896876 46.706498 -1.299664 0.006395 -0.004860
0.636633 -11.897096 46.706437 -1.299664 0.006395 -0.004860
0.171543 -11.891665 46.698005 -1.299664 0.006395 -0.004860
0.207303 -11.891886 46.697944 -1.299664 0.006395 -0.004860
0.243062 -11.892106 46.697883 -1.299664 0.006395 -0.004860
0.278821 -11.892326 46.697822 -1.299664 0.006395 -0.004860
0.314580 -11.892547 46.697760 -1.299664 0.006395 -0.004860
0.350339 -11.892767 46.697699 -1.299664 0.006395 -0.004860
0.386099 -11.892987 46.697638 -1.299664 0.006395 -0.004860
0.421858 -11.893208 46.697577 -1.299664 0.006395 -0.004860
0.457617 -11.893428 46.697515 -1.299664 0.006395 -0.004860
0.493376 -11.893648 46.697454 -1.299664 0.006395 -0.004860
0.529135 -11.893869 46.697393 -1.299664 0.006395 -0.004860
0.564895 -11.894089 46.697332 -1.299664 0.006395 -0.004860
0.600654 -11.894309 46.697271 -1.299664 0.006395 -0.004860
0.636413 -11.894529 46.697209 -1.299664 0.006395 -0.004860
0.171323 -11.889099 46.688778 -1.299664 0.006395 -0.004860
0.207082 -11.889319 46.688717 -1.299664 0.006395 -0.004860
0.242842 -11.889540 46.688656 -1.299664 0.006395 -0.004860
0.278601 -11.889760 46.688594 -1.299664 0.006395 -0.004860
0.314360 -11.889980 46.688533 -1.299664 0.006395 -0.004860
0.350119 -11.890200 46.688472 -1.299664 0.006395 -0.004860
0.385878 -11.890421 46.688411 -1.299664 0.006395 -0.004860
0.421638 -11.890641 46.688349 -1.299664 0.006395 -0.004860
0.457397 -11.890861 46.688288 -1.299664 0.006395 -0.004860
0.493156 -11.891082 46.688227 -1.299664 0.006395 -0.004860
0.528915 -11.891302 46.688166 -1.299664 0.006395 -0.004860
0.564674 -11.891522 46.688104 -1.299664 0.006395 -0.004860
0.600434 -11.891743 46.688043 -1.299664 0.006395 -0.004860
0.636193 -11.891963 46.687982 -1.299664 0.006395 -0.004860
0.171103 -11.886532 46.679551 -1.299664 0.006395 -0.004860
0.206862 -11.886753 46.679490 -1.299664 0.006395 -0.004860
0.242621 -11.886973 46.679428 -1.299664 0.006395 -0.004860
0.278380 -11.887193 46.679367 -1.299664 0.006395 -0.004860
0.314140 -11.887414 46.679306 -1.299664 0.006395 -0.004860
0.349899 -11.887634 46.679245 -1.299664 0.006395 -0.004860
0.385658 -11.887854 46.679183 -1.299664 0.006395 -0.004860
0.421417 -11.888075 46.679122 -1.299664 0.006395 -0.004860
0.457176 -11.888295 46.679061 -1.299664 0.006395 -0.004860
0.492936 -11.888515 46.679000 -1.299664 0.006395 -0.004860
0.528695 -11.888736 46.678938 -1.299664 0.006395 -0.004860
0.564454 -11.888956 46.678877 -1.299664 0.006395 -0.004860
0.600213 -11.889176 46.678816 -1.299664 0.006395 -0.004860
0.635972 -11.889397 46.678755 -1.299664 0.006395 -0.004860
0.170883 -11.883966 46.670324 -1.299664 0.006395 -0.004860
0.206642 -11.884186 46.670262 -1.299664 0.006395 -0.004860
0.242401 -11.884407 46.670201 -1.299664 0.006395 -0.004860
0.278160 -11.884627 46.670140 -1.299664 0.006395 -0.004860
0.313919 -11.884847 46.670079 -1.299664 0.006395 -0.004860
0.349679 -11.885068 46.670017 -1.299664 0.006395 -0.004860
0.385438 -11.885288 46.669956 -1.299664 0.006395 -0.004860
0.421197 -11.885508 46.669895 -1.299664 0.006395 -0.004860
0.456956 -11.885729 46.669834 -1.299664 0.006395 -0.004860
0.492715 -11.885949 46.669772 -1.299664 0.006395 -0.004860
0.528475 -11.886169 46.669711 -1.299664 0.006395 -0.004860
0.564234 -11.886390 46.669650 -1.299664 0.006395 -0.004860
0.599993 -11.886610 46.669589 -1.299664 0.006395 -0.004860
0.635752 -11.886830 46.669527 -1.299664 0.006395 -0.004860
0.170662 -11.881400 46.661096 -1.299664 0.006395 -0.004860
0.206421 -11.881620 46.661035 -1.299664 0.006395 -0.004860
0.242181 -11.881840 46.660974 -1.299664 0.006395 -0.004860
0.277940 -11.882061 46.660913 -1.299664 0.006395 -0.004860
0.313699 -11.882281 46.660851 -1.299664 0.006395 -0.004860
0.349458 -11.882501 46.660790 -1.299664 0.006395 -0.004860
0.385217 -11.882722 46.660729 -1.299664 0.006395 -0.004860
0.420977 -11.882942 46.660668 -1.299664 0.006395 -0.004860
0.456736 -11.883162 46.660606 -1.299664 0.006395 -0.004860
0.492495 -11.883382 46.660545 -1.299664 0.006395 -0.004860
0.528254 -11.883603 46.660484 -1.299664 0.006395 -0.004860
0.564013 -11.883823 46.660423 -1.299664 0.006395 -0.004860
0.599773 -11.884043 46.660361 -1.299664 0.006395 -0.004860
0.635532 -11.884264 46.660300 -1.299664 0.006395 -0.004860
0.170442 -11.878833 46.651869 -1.299664 0.006395 -0.004860
0.206201 -11.879053 46.651808 -1.299664 0.006395 -0.004860
0.241960 -11.879274 46.651747 -1.299664 0.006395 -0.004860
0.277719 -11.879494 46.651685 -1.299664 0.006395 -0.004860
0.313479 -11.879714 46.651624 -1.299664 0.006395 -0.004860
0.349238 -11.879935 46.651563 -1.299664 0.006395 -0.004860
0.384997 -11.880155 46.651502 -1.299664 0.006395 -0.004860
0.420756 -11.880375 46.651440 -1.299664 0.006395 -0.004860
0.456515 -11.880596 46.651379 -1.299664 0.006395 -0.004860
0.492275 -11.880816 46.651318 -1.299664 0.006395 -0.004860
0.528034 -11.881036 46.651257 -1.299664 0.006395 -0.004860
0.563793 -11.881257 46.651195 -1.299664 0.006395 -0.004860
0.599552 -11.881477 46.651134 -1.299664 0.006395 -0.004860
0.635311 -11.881697 46.651073 -1.299664 0.006395 -0.004860
0.170222 -11.876267 46.642642 -1.299664 0.006395 -0.004860
0.205981 -11.876487 46.642581 -1.299664 0.006395 -0.004860
0.241740 -11.876707 46.642519 -1.299664 0.006395 -0.004860
0.277499 -11.876928 46.642458 -1.299664 0.006395 -0.004860
0.313258 -11.877148 46.642397 -1.299664 0.006395 -0.004860
0.349018 -11.877368 46.642336 -1.299664 0.006395 -0.004860
0.384777 -11.877589 46.642274 -1.299664 0.006395 -0.004860
0.420536 -11.877809 46.642213 -1.299664 0.006395 -0.004860
0.456295 -11.878029 46.642152 -1.299664 0.006395 -0.004860
0.492054 -11.878250 46.642091 -1.299664 0.006395 -0.004860
0.527814 -11.878470 46.642029 -1.299664 0.006395 -0.004860
0.563573 -11.878690 46.641968 -1.299664 0.006395 -0.004860
0.599332 -11.878911 46.641907 -1.299664 0.006395 -0.004860
0.635091 -11.879131 46.641846 -1.299664 0.006395 -0.004860
0.170001 -11.873700 46.633415 -1.299664 0.006395 -0.004860
0.205760 -11.873921 46.633353 -1.299664 0.006395 -0.004860
0.241520 -11.874141 46.633292 -1.299664 0.006395 -0.004860
0.277279 -11.874361 46.633231 -1.299664 0.006395 -0.004860
0.313038 -11.874582 46.633170 -1.299664 0.006395 -0.004860
0.348797 -11.874802 46.633108 -1.299664 0.006395 -0.004860
0.384556 -11.875022 46.633047 -1.299664 0.006395 -0.004860
0.420316 -11.875243 46.632986 -1.299664 0.006395 -0.004860
0.456075 -11.875463 46.632925 -1.299664 0.006395 -0.004860
0.491834 -11.875683 46.632863 -1.299664 0.006395 -0.004860
0.527593 -11.875903 46.632802 -1.299664 0.006395 -0.004860
0.563352 -11.876124 46.632741 -1.299664 0.006395 -0.004860
0.599112 -11.876344 46.632680 -1.299664 0.006395 -0.004860
0.634871 -11.876564 46.632618 -1.299664 0.006395 -0.004860
0.169781 -11.871134 46.624187 -1.299664 0.006395 -0.004860
0.205540 -11.871354 46.624126 -1.299664 0.006395 -0.004860
0.241299 -11.871574 46.624065 -1.299664 0.006395 -0.004860
0.277059 -11.871795 46.624004 -1.299664 0.006395 -0.004860
0.312818 -11.872015 46.623942 -1.299664 0.006395 -0.004860
0.348577 -11.872235 46.623881 -1.299664 0.006395 -0.004860
0.384336 -11.872456 46.623820 -1.299664 0.006395 -0.004860
0.420095 -11.872676 46.623759 -1.299664 0.006395 -0.004860
0.455855 -11.872896 46.623697 -1.299664 0.006395 -0.004860
0.491614 -11.873117 46.623636 -1.299664 0.006395 -0.004860
0.527373 -11.873337 46.623575 -1.299664 0.006395 -0.004860
0.563132 -11.873557 46.623514 -1.299664 0.006395 -0.004860
0.598891 -11.873778 46.623452 -1.299664 0.006395 -0.004860
0.633334 -11.874137 46.623921 -1.299707 0.006500 -0.004940
0.169561 -11.868567 46.614960 -1.299664 0.006395 -0.004860
0.205320 -11.868788 46.614899 -1.299664 0.006395 -0.004860
0.241079 -11.869008 46.614838 -1.299664 0.006395 -0.004860
0.276838 -11.869228 46.614776 -1.299664 0.006395 -0.004860
0.312597 -11.869449 46.614715 -1.299664 0.006395 -0.004860
0.348357 -11.869669 46.614654 -1.299664 0.006395 -0.004860
0.384116 -11.869889 46.614593 -1.299664 0.006395 -0.004860
0.419875 -11.870110 46.614531 -1.299664 0.006395 -0.004860
0.455634 -11.870330 46.614470 -1.299664 0.006395 -0.004860
0.491393 -11.870550 46.614409 -1.299664 0.006395 -0.004860
0.527153 -11.870771 46.614348 -1.299664 0.006395 -0.004860
0.562912 -11.870991 46.614286 -1.299664 0.006395 -0.004860
0.598671 -11.871211 46.614225 -1.299664 0.006395 -0.004860
0.633110 -11.871571 46.614695 -1.299707 0.006500 -0.004940
0.169340 -11.866001 46.605733 -1.299664 0.006395 -0.004860
0.205100 -11.866221 46.605672 -1.299664 0.006395 -0.004860
0.240859 -11.866442 46.605610 -1.299664 0.006395 -0.004860
0.276618 -11.866662 46.605549 -1.299664 0.006395 -0.004860
0.312377 -11.866882 46.605488 -1.299664 0.006395 -0.004860
0.348136 -11.867103 46.605427 -1.299664 0.006395 -0.004860
0.383896 -11.867323 46.605365 -1.299664 0.006395 -0.004860
0.419655 -11.867543 46.605304 -1.299664 0.006395 -0.004860
0.455414 -11.867764 46.605243 -1.299664 0.006395 -0.004860
0.491173 -11.867984 46.605182 -1.299664 0.006395 -0.004860
0.526932 -11.868204 46.605120 -1.299664 0.006395 -0.004860
0.562692 -11.868424 46.605059 -1.299664 0.006395 -0.004860
0.598451 -11.868645 46.604998 -1.299664 0.006395 -0.004860
0.632886 -11.869005 46.605469 -1.299707 0.006500 -0.004940
0.169120 -11.863435 46.596506 -1.299664 0.006395 -0.004860
0.204879 -11.863655 46.596444 -1.299664 0.006395 -0.004860
0.240638 -11.863875 46.596383 -1.299664 0.006395 -0.004860
0.276398 -11.864095 46.596322 -1.299664 0.006395 -0.004860
0.312157 -11.864316 46.596261 -1.299664 0.006395 -0.004860
0.347916 -11.864536 46.596199 -1.299664 0.006395 -0.004860
0.383675 -11.864756 46.596138 -1.299664 0.006395 -0.004860
0.419434 -11.864977 46.596077 -1.299664 0.006395 -0.004860
0.455194 -11.865197 46.596016 -1.299664 0.006395 -0.004860
0.490953 -11.865417 46.595954 -1.299664 0.006395 -0.004860
0.526712 -11.865638 46.595893 -1.299664 0.006395 -0.004860
0.562471 -11.865858 46.595832 -1.299664 0.006395 -0.004860
0.598230 -11.866078 46.595771 -1.299664 0.006395 -0.004860
0.632662 -11.866440 46.596243 -1.299707 0.006500 -0.004940
0.168900 -11.860868 46.587278 -1.299664 0.006395 -0.004860
0.204659 -11.861088 46.587217 -1.299664 0.006395 -0.004860
0.240418 -11.861309 46.587156 -1.299664 0.006395 -0.004860
0.276177 -11.861529 46.587095 -1.299664 0.006395 -0.004860
0.311936 -11.861749 46.587033 -1.299664 0.006395 -0.004860
0.347696 -11.861970 46.586972 -1.299664 0.006395 -0.004860
0.383455 -11.862190 46.586911 -1.299664 0.006395 -0.004860
0.419214 -11.862410 46.586850 -1.299664 0.006395 -0.004860
0.454973 -11.862631 46.586788 -1.299664 0.006395 -0.004860
0.490732 -11.862851 46.586727 -1.299664 0.006395 -0.004860
0.526492 -11.863071 46.586666 -1.299664 0.006395 -0.004860
0.562251 -11.863292 46.586605 -1.299664 0.006395 -0.004860
0.598010 -11.863512 46.586543 -1.299664 0.006395 -0.004860
0.632438 -11.863874 46.587017 -1.299707 0.006500 -0.004940
0.168679 -11.858302 46.578051 -1.299664 0.006395 -0.004860
0.204439 -11.858522 46.577990 -1.299664 0.006395 -0.004860
0.240198 -11.858742 46.577929 -1.299664 0.006395 -0.004860
0.275957 -11.858963 46.577867 -1.299664 0.006395 -0.004860
0.311716 -11.859183 46.577806 -1.299664 0.006395 -0.004860
0.347475 -11.859403 46.577745 -1.299664 0.006395 -0.004860
0.383235 -11.859624 46.577684 -1.299664 0.006395 -0.004860
0.418994 -11.859844 46.577622 -1.299664 0.006395 -0.004860
0.454753 -11.860064 46.577561 -1.299664 0.006395 -0.004860
0.490512 -11.860285 46.577500 -1.299664 0.006395 -0.004860
0.526271 -11.860505 46.577439 -1.299664 0.006395 -0.004860
0.562031 -11.860725 46.577377 -1.299664 0.006395 -0.004860
0.597790 -11.860945 46.577316 -1.299664 0.006395 -0.004860
0.632214 -11.861308 46.577791 -1.299707 0.006500 -0.004940
0.168459 -11.855735 46.568824 -1.299664 0.006395 -0.004860
0.204218 -11.855956 46.568763 -1.299664 0.006395 -0.004860
0.239977 -11.856176 46.568701 -1.299664 0.006395 -0.004860
0.275737 -11.856396 46.568640 -1.299664 0.006395 -0.004860
0.311496 -11.856616 46.568579 -1.299664 0.006395 -0.004860
0.347255 -11.856837 46.568518 -1.299664 0.006395 -0.004860
0.383014 -11.857057 46.568456 -1.299664 0.006395 -0.004860
0.418773 -11.857277 46.568395 -1.299664 0.006395 -0.004860
0.454533 -11.857498 46.568334 -1.299664 0.006395 -0.004860
0.490292 -11.857718 46.568273 -1.299664 0.006395 -0.004860
0.526051 -11.857938 46.568211 -1.299664 0.006395 -0.004860
0.561810 -11.858159 46.568150 -1.299664 0.006395 -0.004860
0.597569 -11.858379 46.568089 -1.299664 0.006395 -0.004860
0.631990 -11.858742 46.568565 -1.299707 0.006500 -0.004940
0.168239 -11.853169 46.559597 -1.299664 0.006395 -0.004860
0.203998 -11.853389 46.559535 -1.299664 0.006395 -0.004860
0.239757 -11.853609 46.559474 -1.299664 0.006395 -0.004860
0.275516 -11.853830 46.559413 -1.299664 0.006395 -0.004860
0.311276 -11.854050 46.559352 -1.299664 0.006395 -0.004860
0.347035 -11.854270 46.559290 -1.299664 0.006395 -0.004860
0.382794 -11.854491 46.559229 -1.299664 0.006395 -0.004860
0.418553 -11.854711 46.559168 -1.299664 0.006395 -0.004860
0.454312 -11.854931 46.559107 -1.299664 0.006395 -0.004860
0.490072 -11.855152 46.559045 -1.299664 0.006395 -0.004860
0.525831 -11.855372 46.558984 -1.299664 0.006395 -0.004860
0.561590 -11.855592 46.558923 -1.299664 0.006395 -0.004860
0.597349 -11.855813 46.558862 -1.299664 0.006395 -0.004860
0.631766 -11.856177 46.559339 -1.299707 0.006500 -0.004940
